"subject","antibiotic","day_1","day_29","day_36","day_64","delta_1_64","delta_29_36","loss_1_64","loss_29_36"
"XAA",1,24,22,19,38,14,-3,0,1
"XBA",1,49,46,28,37,-12,-18,1,1
"XCA",1,39,49,30,52,13,-19,0,1
"XDA",1,46,47,37,35,-11,-10,1,1
"XEA",1,46,41,22,33,-13,-19,1,1
"XFA",1,17,53,16,20,3,-37,0,1
"XGA",1,42,49,23,44,2,-26,0,1
"XHB",1,41,52,46,52,11,-6,0,1
"XIA",1,28,37,28,39,11,-9,0,1
"XJA",1,35,46,28,33,-2,-18,1,1
"XKA",1,33,28,21,37,4,-7,0,1
"XLA",1,29,40,33,40,11,-7,0,1
"XMA",1,38,34,20,26,-12,-14,1,1
"XNA",1,39,33,23,33,-6,-10,1,1
"XOA",1,47,42,45,42,-5,3,1,0
"XPA",1,41,42,44,33,-8,2,1,0
"XQA",1,42,39,48,51,9,9,0,0
"XRA",1,15,19,31,36,21,12,0,0
"XSA",1,34,27,17,24,-10,-10,1,1
"XTA",1,49,46,12,46,-3,-34,1,1
"XUA",1,35,29,33,42,7,4,0,0
"XVA",1,38,28,18,39,1,-10,0,1
