Family subject avg_mix_log10_ratio recipient_fam_relAbundance_day_029 recipient_fam_relAbundance_day_036 recipient_ratio recipient_log10_ratio
Acidaminococcaceae XCA 0.029377867504838544 0.00868313084754593 0.00598402924635922 1.4510508705867184 0.1616826380944114
Acidaminococcaceae XDA 0.1259005126227136 0.0166564210649571 0.00786684332560451 2.117294113478124 0.3257811900877024
Acidaminococcaceae XEA 2.02108168755946 1e-4 1e-4 1e-4 1e-4
Acidaminococcaceae XFA 2.1077243149374683 0.00968760328694681 1e-4 96.87603286946809 1.9862163458846298
Acidaminococcaceae XGA 2.0091417383411203 1e-4 1e-4 1e-4 1e-4
Acidaminococcaceae XJA 2.087515925568603 1e-4 1e-4 1e-4 1e-4
Acidaminococcaceae XLA 0.10621241942969387 0.0114399078154884 0.00657802903405919 1.739108744618755 0.24032673882347053
Acidaminococcaceae XSA 2.025774840273917 1e-4 1e-4 1e-4 1e-4
Akkermansiaceae XCA -0.4104626516374784 1e-4 0.00555707509723214 0.017995078031212475 -1.7448462657962036
Akkermansiaceae XGA -0.14528044029564025 1e-4 0.00945272984956247 0.01057895460797799 -1.975557246328994
Anaerofustaceae XCA 1.5349761137915692 1e-4 1e-4 1e-4 1e-4
Anaerofustaceae XDA 1.0999492552974508 1e-4 1e-4 1e-4 1e-4
Anaerofustaceae XGA 1.0866854223093623 1e-4 1e-4 1e-4 1e-4
Anaerofustaceae XJA 1.1060645929658428 1e-4 1e-4 1e-4 1e-4
Anaerofustaceae XSA 1.2344208843432498 1e-4 1e-4 1e-4 1e-4
Anaerovoracaceae XCA 2.088909823589114 1e-4 1e-4 1e-4 1e-4
Anaerovoracaceae XDA 2.1065219318042314 0.0380111823424373 1e-4 380.111823424373 2.5799113785957415
Anaerovoracaceae XEA 2.1779352097288895 0.00556131288120308 1e-4 55.613128812030794 1.7451773293077075
Anaerovoracaceae XFA 1.9502782935382375 0.0199792571317856 1e-4 199.792571317856 2.300579336264132
Anaerovoracaceae XGA 2.221046244117665 0.00311195587358378 1e-4 31.1195587358378 1.4930334302215915
Anaerovoracaceae XJA 2.4543133305238256 1e-4 1e-4 1e-4 1e-4
Anaerovoracaceae XLA -0.45688163172963486 1e-4 0.0480876605248465 0.00207953555878084 -2.682033649066651
Anaerovoracaceae XSA 2.090410952053729 1e-4 1e-4 1e-4 1e-4
Bacteroidaceae XCA -0.1966239050137239 0.2374836286803815 0.4190221415753277 0.5667567536826429 -0.24660329595728375
Bacteroidaceae XDA -0.29376208719827634 0.19680337226661976 0.28226785911449664 0.6972220389668601 -0.15662889343465186
Bacteroidaceae XEA -0.32167676246218413 0.28166507131612434 0.2298927613941017 1.225202001176845 0.08820769748758055
Bacteroidaceae XFA -0.49309014842196786 0.199131534858276 0.30976679550093345 0.6428433833143874 -0.19189482186160411
Bacteroidaceae XGA -0.2353552911652304 0.1304226296958855 0.32768596653187526 0.3980110319530537 -0.40010489011240297
Bacteroidaceae XJA -0.35899805572593085 0.3103129386508135 0.60308014894617 0.5145467633001324 -0.2885751493363262
Bacteroidaceae XLA 0.024949807168329143 0.21365186091542981 0.20231365159128978 1.0560427298650379 0.023681491085253116
Bacteroidaceae XSA -0.3023068520281928 0.2245573030146969 0.4339351582217049 0.5174904562583673 -0.28609765520930053
Bifidobacteriaceae XCA -3.033099249882781 1e-4 0.10791933235044907 9.266180379551236e-4 -3.033099249882781
Bifidobacteriaceae XDA -1.361368031167572 1e-4 0.03021143866622498 0.0033100045682960297 -2.4801714068332275
Bifidobacteriaceae XFA 2.0101813362994805 1e-4 1e-4 1e-4 1e-4
Bifidobacteriaceae XGA -1.3015435563064195 1e-4 0.00200236643305725 0.04994090909090908 -1.3015435563064195
Butyricicoccaceae XEA -1.0253877399877258 1e-4 0.00106019985376554 0.09432183908045955 -1.0253877399877258
Butyricicoccaceae XFA 1.373674926361942 1e-4 1e-4 1e-4 1e-4
Butyricicoccaceae XGA 1.2143474012892672 1e-4 1e-4 1e-4 1e-4
Butyricicoccaceae XSA 1.2754786455276963 1e-4 1e-4 1e-4 1e-4
Campylobacteraceae XCA 2.0666888607977576 1e-4 1e-4 1e-4 1e-4
Campylobacteraceae XDA 1.750614580058913 1e-4 1e-4 1e-4 1e-4
Campylobacteraceae XEA 1.811739189220486 1e-4 1e-4 1e-4 1e-4
Campylobacteraceae XFA 1.957456782838168 1e-4 1e-4 1e-4 1e-4
Campylobacteraceae XGA 2.2798005875821676 1e-4 1e-4 1e-4 1e-4
Campylobacteraceae XJA 1.6490115551549138 1e-4 1e-4 1e-4 1e-4
Campylobacteraceae XLA 1.7959794271055691 1e-4 1e-4 1e-4 1e-4
Campylobacteraceae XSA 2.0128717595939354 1e-4 1e-4 1e-4 1e-4
Christensenellaceae XJA 1.39658660616518 1e-4 1e-4 1e-4 1e-4
Clostridiaceae XDA 1.8526041185962447 1e-4 1e-4 1e-4 1e-4
Clostridiaceae XLA -0.41485609662248757 0.00268475510519251 0.00272194304857621 0.9863377217230346 -0.005974357302329234
Clostridiaceae XSA 1.353437155410576 1e-4 1e-4 1e-4 1e-4
Coriobacteriaceae XCA 0.49458423987853284 1e-4 0.00112075464145858 0.08922559523809542 -1.0495105461152778
Coriobacteriaceae XDA -0.21160779734163296 0.0112116155850239 0.015844098487357808 0.7076209223244718 -0.15019933472820593
Coriobacteriaceae XEA 1.7415599076880652 1e-4 1e-4 1e-4 1e-4
Coriobacteriaceae XFA -0.23780137345388266 0.00157281088658666 0.0136144525991228 0.1155250918195564 -0.9373236776310637
Coriobacteriaceae XGA -1.5740413266600326 0.021541443053071 0.160241324162322 0.13443125963718228 -0.8714997319563408
Coriobacteriaceae XLA 1.1713476953535569 0.00285106736834602 1e-4 28.510673683460197 1.455007479447398
Coriobacteriaceae XSA 1.836408688075064 1e-4 1e-4 1e-4 1e-4
Coriobacteriales_Incertae_Sedis XJA 1.0068372185956809 1e-4 1e-4 1e-4 1e-4
Coriobacteriales_Incertae_Sedis XSA 1.2940977220421097 1e-4 1e-4 1e-4 1e-4
Desulfovibrionaceae XCA 1.3818447145578203 0.00696821250515561 1e-4 69.6821250515561 1.8431213866048295
Desulfovibrionaceae XDA 1.664469860053907 0.00143438423933726 1e-4 14.343842393372599 1.1566655046589345
Desulfovibrionaceae XEA 1.6123947374668408 1e-4 1e-4 1e-4 1e-4
Desulfovibrionaceae XFA 1.6636855729109985 0.00715742925200305 1e-4 71.5742925200305 1.854757063907533
Desulfovibrionaceae XGA 1.2935770462391276 1e-4 1e-4 1e-4 1e-4
Desulfovibrionaceae XJA 1.584650087142155 0.00939641648088515 1e-4 93.9641648088515 1.9729622579290758
Desulfovibrionaceae XLA 1.307224053509726 0.00291046460518657 1e-4 29.104646051865696 1.4639623221003255
Desulfovibrionaceae XSA 1.6225280566532372 1e-4 1e-4 1e-4 1e-4
Eggerthellaceae XCA -0.7301148472001948 0.00531841764412188 0.021227626601912 0.2505422647505418 -0.6011190011354899
Eggerthellaceae XDA -0.7345258753274697 0.00123679049208161 0.042770785028155 0.02891671245378031 -1.5388510835884495
Eggerthellaceae XEA -0.21702533115809897 0.00333045906541465 0.00826224713624178 0.40309361490844536 -0.3945940811126175
Eggerthellaceae XFA 2.1005701583740075 0.0055846183654164 1e-4 55.846183654163994 1.746993500198851
Eggerthellaceae XGA -0.3616255355408998 0.00685748360166965 0.007853437179003761 0.8731824607960446 -0.05889499634356225
Eggerthellaceae XJA -0.23792836269457804 0.00516885476013541 0.00351397274140486 1.4709433283961504 0.1675959408179804
Eggerthellaceae XLA 1.1703871526418927 1e-4 1e-4 1e-4 1e-4
Eggerthellaceae XSA 1.8560729415542174 0.00374361209048053 1e-4 37.4361209048053 1.5732908412167954
Enterobacteriaceae XCA 3.134587400420816 0.152757979435452 1e-4 1527.57979435452 3.184003905227353
Enterobacteriaceae XDA 3.2232226050431607 0.107732501975937 1e-4 1077.32501975937 3.032346746003033
Enterobacteriaceae XEA 3.281908482995723 1e-4 1e-4 1e-4 1e-4
Enterobacteriaceae XFA 1.9745778248263115 0.111008536488073 0.00196508446606158 56.49046562896921 1.7519751544718296
Enterobacteriaceae XGA 3.1174591085427834 0.157945736434109 1e-4 1579.45736434109 3.1985079071127664
Enterobacteriaceae XJA 3.1088764551794634 1e-4 1e-4 1e-4 1e-4
Enterobacteriaceae XLA 3.054956663261624 0.101201012128916 1e-4 1012.0101212891599 3.0051848559801155
Enterobacteriaceae XSA -0.3288692964993499 0.16597340516843 0.336090079596195 0.49383607325703716 -0.3064171893245624
Enterococcaceae XCA 3.158328937805093 0.179588853754369 1e-4 1795.88853754369 3.254279378527333
Enterococcaceae XDA 3.317900786614291 1e-4 1e-4 1e-4 1e-4
Enterococcaceae XEA 3.1946036763185637 0.05929957518847555 1e-4 592.9957518847555 2.773051582167606
Enterococcaceae XFA -0.3894479405402193 0.11707183642766779 0.5808290267946323 0.2015598928892059 -0.695595881104318
Enterococcaceae XGA 3.1707014179377424 1e-4 1e-4 1e-4 1e-4
Enterococcaceae XJA 0.23843799988282707 0.0511270745603171 0.0687466107515997 0.7437032022575367 -0.12860034851146232
Enterococcaceae XLA -0.06967420097562198 0.12598153933879 0.1025614182021217 1.2283521576360554 0.08932289302071723
Enterococcaceae XSA 3.043698912020572 0.17729007381584347 1e-4 1772.9007381584347 3.248684420836772
Erysipelatoclostridiaceae XCA 2.0686194117954555 0.00259046736951787 1e-4 25.904673695178698 1.4133781261241694
Erysipelatoclostridiaceae XDA -1.4106143489538099 0.00368109832850326 0.275781163740753 0.013347896131019528 -1.8745871815423103
Erysipelatoclostridiaceae XEA 1.837152980371037 1e-4 1e-4 1e-4 1e-4
Erysipelatoclostridiaceae XFA 2.0194313055655124 0.00250737967426859 1e-4 25.073796742685897 1.399220100992544
Erysipelatoclostridiaceae XGA 1.9144597663574952 0.0330575432319618 1e-4 330.57543231961796 2.5192705745697155
Erysipelatoclostridiaceae XLA 0.06443876981982452 0.00700887394718398 0.00881141820212172 0.7954308587346698 -0.09939756457178689
Erysipelatoclostridiaceae XSA -0.29571020089199007 0.03783227033236934 0.0308289652494661 1.2271664010203691 0.08890345608078015
Erysipelotrichaceae XCA 1.905143719890987 0.00644722465430286 1e-4 64.47224654302859 1.80937280351717
Erysipelotrichaceae XDA 0.7104145838559215 0.00245894441029244 0.00245666335431158 1.0009285179334224 4.030631181116508e-4
Erysipelotrichaceae XEA 1.737108103385694 0.00506293064576098 1e-4 50.62930645760979 1.7044019782717705
Erysipelotrichaceae XFA 2.0098200177135284 0.0042625454462566 1e-4 42.625454462566 1.6296690223708177
Erysipelotrichaceae XGA 2.0671916879967718 0.0126900715563506 1e-4 126.900715563506 2.1034640709867927
Erysipelotrichaceae XJA 1.774731022967151 0.00108991825613079 1e-4 10.8991825613079 1.037393927075873
Erysipelotrichaceae XLA 1.8356562510682333 0.00216205942099574 1e-4 21.6205942099574 1.3348676257208685
Erysipelotrichaceae XSA -0.5332405037866568 0.00664210540215769 0.0198990487284023 0.33379009684404076 -0.47652655246739817
Ethanoligenenaceae XCA 1.1989923392558108 1e-4 1e-4 1e-4 1e-4
Ethanoligenenaceae XDA 1.1434586544140997 1e-4 1e-4 1e-4 1e-4
Ethanoligenenaceae XEA 1.3381444855920848 1e-4 1e-4 1e-4 1e-4
Ethanoligenenaceae XFA 1.3554025907200915 0.00160700242759941 1e-4 16.0700242759941 1.2060165328257164
Ethanoligenenaceae XGA 1.3525439358049978 1e-4 1e-4 1e-4 1e-4
Ethanoligenenaceae XJA 1.1545711949416488 1e-4 1e-4 1e-4 1e-4
Ethanoligenenaceae XLA 1.009119574552708 1e-4 1e-4 1e-4 1e-4
Ethanoligenenaceae XSA 1.3394454220732177 1e-4 1e-4 1e-4 1e-4
Eubacteriaceae XCA 2.072329743865902 1e-4 1e-4 1e-4 1e-4
Eubacteriaceae XDA 2.4511401765160223 1e-4 1e-4 1e-4 1e-4
Eubacteriaceae XEA 2.4395348156116468 1e-4 1e-4 1e-4 1e-4
Eubacteriaceae XFA 2.2729886793548566 1e-4 1e-4 1e-4 1e-4
Eubacteriaceae XGA 1.9763925552881902 1e-4 1e-4 1e-4 1e-4
Eubacteriaceae XJA 2.2095848594064513 1e-4 1e-4 1e-4 1e-4
Eubacteriaceae XLA 2.1229078684871032 1e-4 1e-4 1e-4 1e-4
Eubacteriaceae XSA 1.9680738726718578 1e-4 1e-4 1e-4 1e-4
Family_XI XCA 2.658926128586928 0.0543346912785187 1e-4 543.346912785187 2.735077203808181
Family_XI XDA -0.19576505956912266 0.182854717367759 0.07528707077398698 2.4287665264158282 0.38538576875216457
Family_XI XEA 2.80212938972394 0.028716309756425598 1e-4 287.16309756425596 2.4581286293239963
Family_XI XFA 1.8428262589304807 0.0601315234610957 0.00138967299257393 43.27026846058299 1.6361895896888587
Family_XI XGA 2.6142132511784433 0.0963588252832439 1e-4 963.5882528324389 2.983891496846078
Family_XI XLA 0.2440626001029867 0.160063673837893 0.02189768285873816 7.309616952189095 0.8638946191043321
Family_XI XSA 2.859664066332519 0.2303740971094292 1e-4 2303.7409710942916 3.362433646127679
Flavobacteriaceae XJA 1.3870484603072888 1e-4 1e-4 1e-4 1e-4
Flavobacteriaceae XLA 1.4657748793321423 1e-4 1e-4 1e-4 1e-4
Fusobacteriaceae XEA 2.3131364878943024 1e-4 1e-4 1e-4 1e-4
Fusobacteriaceae XGA 3.133727052070002 1e-4 1e-4 1e-4 1e-4
Fusobacteriaceae XJA 3.4848148242980814 1e-4 1e-4 1e-4 1e-4
Lachnospiraceae XCA -0.1935416761366746 0.1515568130015412 0.21535834128313047 0.7037424791561254 -0.15258623338883476
Lachnospiraceae XDA -0.19943337182247253 0.11153801118234247 0.14749641161532506 0.7562083033805381 -0.12135855827135318
Lachnospiraceae XEA -0.030764208197411706 0.06001154981053563 0.09499146965634908 0.631757251757864 -0.19944976423931182
Lachnospiraceae XFA 0.08215640362900568 0.16962423496426982 0.06539062839275639 2.5940144502887184 0.4139723910476652
Lachnospiraceae XGA -0.3383505578747718 0.05983527131782945 0.2629341169434009 0.2275675443468965 -0.6428896768821393
Lachnospiraceae XJA 2.922575775642902 0.04206093633886549 1e-4 420.6093633886549 2.6238789364976194
Lachnospiraceae XLA -0.1674786516227506 0.07813112534004911 0.2573806532663312 0.3035625418947124 -0.5177518192458372
Lachnospiraceae XSA 0.08185764983648049 0.05246999168086199 0.10572704329256455 0.4962778684320972 -0.3042750917825849
Lactobacillaceae XCA -1.5135101235130364 1e-4 0.00326219654567409 0.03065419222903883 -1.5135101235130364
Marinifilaceae XEA 1.8097495239137118 1e-4 1e-4 1e-4 1e-4
Marinifilaceae XFA 2.163198045823695 0.0197855050660467 1e-4 197.85505066046701 2.296347141010811
Marinifilaceae XGA 1.3216989741108331 1e-4 1e-4 1e-4 1e-4
Marinifilaceae XJA 2.1766603398213356 0.01032119560729915 1e-4 103.2119560729915 2.0137300088780794
Marinifilaceae XSA 1.2931537380536646 1e-4 1e-4 1e-4 1e-4
Oscillospiraceae XCA -0.54345396747139 0.06374865230573301 0.13024770011807923 0.48944167342640305 -0.31029905548155595
Oscillospiraceae XDA -0.36527409910375064 0.02336729018471357 0.0906895219167495 0.25766251371535626 -0.5889487606139094
Oscillospiraceae XEA -0.6491414421237132 0.12276024650143584 0.15124299293200072 0.8116755964795619 -0.09061751116432981
Oscillospiraceae XFA 0.4938208308528216 0.031148493862618393 0.013799018543449 2.2572977755295467 0.35358885360105047
Oscillospiraceae XGA -0.5704822153598902 0.018690369707811592 0.1665214734296376 0.11223999717795595 -0.9498523528991385
Oscillospiraceae XJA 2.1895197366375903 0.14215176286020967 1e-4 1421.5176286020967 3.1527522498563183
Oscillospiraceae XLA -0.4324763216966191 0.05154492213022251 0.13293900055834768 0.3877336365831873 -0.4114665215390704
Oscillospiraceae XSA -0.2349346269368677 0.0600562532187141 0.0718889536012425 0.83540307947501 -0.07810392816529672
Peptostreptococcaceae XCA 2.650145954764196 1e-4 1e-4 1e-4 1e-4
Peptostreptococcaceae XDA 2.657197492916773 1e-4 1e-4 1e-4 1e-4
Peptostreptococcaceae XEA -0.062350855688823155 1e-4 0.036570801852303186 0.002734421859380207 -2.563134482793959
Peptostreptococcaceae XFA 1.0906762320342414 1e-4 0.00287705736743822 0.03475773584905666 -1.4589485216447462
Peptostreptococcaceae XGA 2.3425929201862488 0.153193947525343 1e-4 1531.93947525343 3.185241607279157
Peptostreptococcaceae XJA 3.023203101345678 1e-4 1e-4 1e-4 1e-4
Peptostreptococcaceae XLA -0.10707693366816584 0.0896779481818506 0.118962869905081 0.7538314118800558 -0.12272576961665826
Peptostreptococcaceae XSA 2.6038907993403146 1e-4 1e-4 1e-4 1e-4
Porphyromonadaceae XCA 2.9761830832576797 1e-4 1e-4 1e-4 1e-4
Porphyromonadaceae XDA 3.0668933514089898 1e-4 1e-4 1e-4 1e-4
Porphyromonadaceae XEA 2.8088112326607226 1e-4 1e-4 1e-4 1e-4
Porphyromonadaceae XFA 1.3833274307729806 1e-4 0.00276848916489339 0.03612078431372544 -1.4422428281418949
Porphyromonadaceae XGA 3.1433486458137154 0.171437090041741 1e-4 1714.37090041741 3.234104786419563
Porphyromonadaceae XJA 3.4522258107484025 1e-4 1e-4 1e-4 1e-4
Porphyromonadaceae XLA 2.9128970512786863 1e-4 1e-4 1e-4 1e-4
Porphyromonadaceae XSA 2.87133803818236 1e-4 1e-4 1e-4 1e-4
Pseudomonadaceae XFA 1.9733546683435006 1e-4 1e-4 1e-4 1e-4
Rikenellaceae XCA -0.9340917764964769 0.0355212411088358 0.0860112475733661 0.4129836749378248 -0.3840671154732541
Rikenellaceae XDA -0.5283767326973601 0.00687187143233512 0.0152782378270951 0.44978167705625316 -0.3469982405754519
Rikenellaceae XEA 1.5347078329178612 0.014761607164046859 1e-4 147.6160716404686 2.1691336436983644
Rikenellaceae XFA 1.8240217699969663 0.020777059755416508 1e-4 207.77059755416508 2.3175840888253134
Rikenellaceae XGA -0.6356178692896158 0.00115533691115086 0.0545449817316569 0.021181360309821567 -1.674046152062415
Rikenellaceae XJA 1.4393685653737245 0.00647345388489803 1e-4 64.734538848980307 1.8111360585544618
Rikenellaceae XLA -0.45486633691235634 0.0603119542878865 0.0486634561697376 1.2393684919854246 0.0932004510432849
Rikenellaceae XSA 1.74079867688162 1e-4 1e-4 1e-4 1e-4
Ruminococcaceae XCA 1.6598269178460479 0.03989898624447356 1e-4 398.98986244473554 2.60096186125005
Ruminococcaceae XDA 1.9269010020376112 0.03928456426919586 1e-4 392.8456426919586 2.5942219404633926
Ruminococcaceae XEA -0.1375319839028305 0.00509457396229699 0.00745795759200585 0.6831057832452467 -0.16551203786697158
Ruminococcaceae XFA 1.6608556769099445 0.00887840348297831 1e-4 88.7840348297831 1.9483348778429015
Ruminococcaceae XGA 0.5964705100228704 0.00421138938580799 0.00221040450402424 1.9052573310182717 0.2799536413731782
Ruminococcaceae XJA 1.8658739314880326 0.026736025101147698 1e-4 267.360251011477 2.4270968402873776
Ruminococcaceae XLA -0.0757250523363482 0.017130163104812357 0.00270449469570073 6.33396069589035 0.801675364117848
Ruminococcaceae XSA 2.0665048468294147 0.00283246840708315 1e-4 28.3246840708315 1.4521650745086128
Streptococcaceae XCA 2.8118377338431326 1e-4 1e-4 1e-4 1e-4
Streptococcaceae XDA 3.1091761212143005 0.134312520125289 1e-4 1343.1252012528898 3.1281164979098883
Streptococcaceae XEA -0.4234607538900287 0.0245631244610748 0.467572507921033 0.05253329493277906 -1.2795653590246587
Streptococcaceae XFA 2.4750867663352283 0.112022885538118 1e-4 1120.22885538118 3.049306755238113
Streptococcaceae XGA 2.749774963731867 1e-4 1e-4 1e-4 1e-4
Streptococcaceae XJA -1.0466828398366415 0.00148625216745108 0.00111348107443693 1.3347799092163777 0.12540966113668858
Streptococcaceae XLA 1.992087488406123 1e-4 1e-4 1e-4 1e-4
Streptococcaceae XSA 2.6552914025905197 1e-4 1e-4 1e-4 1e-4
Sutterellaceae XCA 2.5311650935971133 1e-4 1e-4 1e-4 1e-4
Sutterellaceae XDA 2.4878900865471536 0.06115892391908901 1e-4 611.5892391908901 2.786459835469631
Sutterellaceae XEA 2.5816052413878348 0.236011676383802 1e-4 2360.11676383802 3.372933489680324
Sutterellaceae XFA 2.5061917184907743 0.00395482157714182 1e-4 39.5482157714182 1.5971268949612114
Sutterellaceae XGA 2.6617819492301424 0.0610092426952892 1e-4 610.092426952892 2.785395634149931
Sutterellaceae XJA -0.665318799398707 0.1223350672941954 0.32345902172734164 0.37820885823774364 -0.4222683035218655
Sutterellaceae XLA -0.2606893551148096 0.00885018828924078 0.0394158291457286 0.2245338606608978 -0.6487181562673398
Sutterellaceae XSA 2.6494523593411707 0.0356270385189293 1e-4 356.270385189293 2.551779723323755
Tannerellaceae XCA 2.574547759879858 0.0439511139733283 1e-4 439.51113973328296 2.642969887062541
Tannerellaceae XDA 0.332378121676837 0.04638330259652826 0.0091089764822789 5.092043292324321 0.7068920873495745
Tannerellaceae XEA 2.252682105180777 0.11960382567696919 1e-4 1196.0382567696918 3.0777450713231684
Tannerellaceae XFA 2.2265026638467016 0.04397032174240087 1e-4 439.7032174240087 2.643159643478202
Tannerellaceae XGA 1.1617950432749964 0.013435450208706 0.00313357344394024 4.287581079258797 0.6322123457486121
Tannerellaceae XJA 2.5278941782710964 0.0639914127652547 1e-4 639.914127652547 2.8061216983763333
Tannerellaceae XLA 2.504549338358976 0.0291996816308105 1e-4 291.996816308105 2.4653781162862276
Tannerellaceae XSA 2.4850707992612895 1e-4 1e-4 1e-4 1e-4
Veillonellaceae XCA 3.1472506075810793 1e-4 1e-4 1e-4 1e-4
Veillonellaceae XDA 3.109448161073775 1e-4 1e-4 1e-4 1e-4
Veillonellaceae XEA 2.550550917283248 1e-4 1e-4 1e-4 1e-4
Veillonellaceae XFA 2.4862497574490856 1e-4 1e-4 1e-4 1e-4
Veillonellaceae XGA 2.772714427812764 0.0278398926654741 1e-4 278.398926654741 2.444667556553389
Veillonellaceae XJA 2.859442392225479 0.1708364296920152 1e-4 1708.364296920152 3.232580486535757
Veillonellaceae XLA 3.0362504789945013 1e-4 1e-4 1e-4 1e-4
Veillonellaceae XSA 2.2068369204165093 1e-4 1e-4 1e-4 1e-4
[Clostridium]_methylpentosum_group XGA 1.1164530366259275 1e-4 1e-4 1e-4 1e-4
[Clostridium]_methylpentosum_group XJA 1.3077099564939116 1e-4 1e-4 1e-4 1e-4
NA XDA 0.17516053575238283 1e-4 0.00133874351330463 0.07469690721649463 -1.1266973795315423
